# Wait time, in minutes
2.513897400920789238e+01
1.215996511763179910e+01
2.779560851634896324e+01
2.390189341847620597e+01
2.522865819434952428e+01
1.511582633752147231e+01
4.823777145485417606e+01
4.936339266503339474e+01
1.031413644772904448e+01
2.321857727733490862e+01
3.452112730073618962e+01
1.778293620089691274e+01
9.400550997102588013e+00
3.860744523835445818e+01
3.512173912219513028e+01
1.205440152512209551e+01
2.089693331563886858e+01
5.272810313016350392e+01
3.329778191709489477e+01
1.554955295693221551e+01
2.494416893258965828e+01
3.032950253674259145e+01
3.938843511984869394e+01
3.044426999372222298e+01
3.648324502501085931e+01
3.022749462966621437e+01
3.441875661179573598e+01
2.222155798570469187e+01
6.033061363558870482e+01
3.207212650213988070e+01
3.411119344722325053e+01
1.500322012641286840e+01
3.388866229727250357e+01
2.494104344648270200e+01
1.402122131564038199e+01
3.917552073628652209e+01
1.276964583135112719e+01
3.411758808098934992e+01
2.490653302578351713e+01
2.051928890094691837e+01
1.598927107698374073e+01
1.969890840559266110e+01
3.418919037344846856e+01
2.914625782178468327e+01
2.525250971421341006e+01
1.639324117674635062e+01
4.563694271632301280e+01
2.250725651120650639e+01
2.913637346330682831e+01
4.489554865881147805e+01
